2676.1875
2567.59375
2553.921875
2542.0078125
2542.0078125
2529.1171875
2529.1171875
2515.4453125
2501.96875
2501.96875
2488.1015625
2488.1015625
2475.015625
2475.015625
2462.515625
2449.234375
2449.234375
2435.5625
2422.28125
2422.28125
2409.5859375
2397.0859375
2397.0859375
2384.1953125
2371.3046875
2371.3046875
2358.8046875
2346.3046875
2346.3046875
2333.609375
2320.9140625
2320.9140625
2308.609375
2296.890625
2296.890625
2284.9765625
2272.28125
2272.28125
2259.390625
2246.890625
2246.890625
2234.78125
2222.28125
2222.28125
2210.171875
2197.0859375
2197.0859375
2184.5859375
2171.6953125
2171.6953125
2158.609375
2146.109375
2146.109375
2133.0234375
2119.546875
2119.546875
2106.4609375
2093.375
2093.375
2080.875
2068.1796875
2068.1796875
2055.2890625
2041.6171875
2041.6171875
2028.53125
2014.859375
2014.859375
2001.3828125
1988.296875
1988.296875
1975.015625
1961.9296875
1961.9296875
1949.625
1935.7578125
1935.7578125
1922.4765625
1910.5625
1910.5625
1897.0859375
1884.5859375
1884.5859375
1872.0859375
1859.1953125
1859.1953125
1846.5
1832.6328125
1832.6328125
1818.765625
1805.484375
1805.484375
1791.8125
1778.140625
1778.140625
1764.46875
1750.796875
1750.796875
1737.515625
1724.0390625
1724.0390625
1710.953125
1698.0625
1698.0625
1685.171875
1672.671875
1672.671875
1659.9765625
1646.890625
1646.890625
1633.8046875
1620.9140625
1620.9140625
1608.4140625
1595.71875
1595.71875
1583.0234375
1570.328125
1570.328125
1557.828125
1545.5234375
1545.5234375
1533.609375
1521.3046875
1521.3046875
1509.1953125
1497.0859375
1497.0859375
1484.0
1472.0859375
1472.0859375
1460.3671875
1446.6953125
1446.6953125
1434.0
1422.28125
1422.28125
1409.78125
1397.671875
1397.671875
1385.5625
1372.671875
1372.671875
1360.953125
1349.625
1349.625
1336.5390625
1323.84375
1323.84375
1312.3203125
1300.40625
1300.40625
1288.296875
1276.3828125
1276.3828125
1263.8828125
1251.96875
1251.96875
1239.859375
1227.359375
1227.359375
1215.4453125
1203.7265625
1203.7265625
1191.6171875
1179.8984375
1179.8984375
1167.7890625
1155.875
1155.875
1143.9609375
1132.2421875
1132.2421875
1120.5234375
1108.609375
1108.609375
1096.890625
1086.34375
1086.34375
1075.2109375
1063.1015625
1063.1015625
1051.7734375
1040.8359375
1040.8359375
1028.921875
1017.3984375
1017.3984375
1006.8515625
995.5234375
995.5234375
984.0
973.0625
973.0625
961.9296875
951.3828125
951.3828125
940.0546875
928.3359375
928.3359375
917.3984375
906.65625
906.65625
895.5234375
884.390625
884.390625
873.453125
862.3203125
862.3203125
850.9921875
839.078125
839.078125
826.96875
815.4453125
815.4453125
804.1171875
793.1796875
793.1796875
781.65625
769.546875
769.546875
758.4140625
747.8671875
747.8671875
735.3671875
722.671875
722.671875
711.5390625
700.40625
700.40625
688.1015625
676.1875
676.1875
665.0546875
654.1171875
654.1171875
641.421875
628.921875
628.921875
618.5703125
608.0234375
608.0234375
596.3046875
584.390625
584.390625
572.28125
560.5625
560.5625
549.234375
536.9296875
536.9296875
524.4296875
512.7109375
512.7109375
501.1875
489.2734375
489.2734375
477.359375
465.640625
465.640625
453.7265625
441.8125
441.8125
430.875
426.1875
426.1875
428.3359375
428.921875
428.921875
428.921875
428.921875
428.921875
