2678.7265625
2569.3515625
2569.3515625
2554.703125
2554.703125
2541.2265625
2528.3359375
2528.3359375
2515.0546875
2501.7734375
2501.7734375
2488.4921875
2476.3828125
2476.3828125
2461.9296875
2449.0390625
2449.0390625
2435.7578125
2422.671875
2422.671875
2410.171875
2397.671875
2397.671875
2384.390625
2370.9140625
2370.9140625
2357.828125
2345.5234375
2345.5234375
2332.2421875
2319.546875
2319.546875
2306.8515625
2294.15625
2294.15625
2281.4609375
2268.9609375
2268.9609375
2256.265625
2243.1796875
2243.1796875
2230.2890625
2218.1796875
2218.1796875
2206.265625
2193.9609375
2193.9609375
2182.046875
2169.9375
2169.9375
2157.046875
2144.3515625
2144.3515625
2131.65625
2118.5703125
2118.5703125
2105.875
2093.1796875
2093.1796875
2080.6796875
2068.1796875
2068.1796875
2055.484375
2041.8125
2041.8125
2028.921875
2015.8359375
2015.8359375
2002.9453125
1990.4453125
1990.4453125
1977.5546875
1964.46875
1964.46875
1951.7734375
1939.2734375
1939.2734375
1925.9921875
1914.46875
1914.46875
1900.9921875
1886.9296875
1886.9296875
1874.8203125
1861.5390625
1861.5390625
1848.6484375
1835.171875
1835.171875
1820.71875
1808.0234375
1808.0234375
1794.9375
1780.2890625
1780.2890625
1766.8125
1753.53125
1753.53125
1739.46875
1726.578125
1726.578125
1713.8828125
1700.40625
1700.40625
1687.125
1674.234375
1674.234375
1661.34375
1648.2578125
1648.2578125
1635.3671875
1622.28125
1622.28125
1609.78125
1597.28125
1597.28125
1584.0
1571.3046875
1571.3046875
1559.1953125
1546.3046875
1546.3046875
1534.0
1521.890625
1521.890625
1509.5859375
1497.4765625
1497.4765625
1484.78125
1472.4765625
1472.4765625
1461.1484375
1447.8671875
1447.8671875
1434.390625
1422.0859375
1422.0859375
1409.9765625
1397.671875
1397.671875
1385.3671875
1372.4765625
1372.4765625
1360.7578125
1349.4296875
1349.4296875
1336.9296875
1324.625
1324.625
1313.1015625
1301.578125
1301.578125
1289.859375
1277.75
1277.75
1265.0546875
1253.3359375
1253.3359375
1241.421875
1228.921875
1228.921875
1217.0078125
1205.2890625
1205.2890625
1192.984375
1181.4609375
1181.4609375
1169.546875
1157.2421875
1157.2421875
1145.328125
1133.609375
1133.609375
1122.0859375
1111.1484375
1111.1484375
1100.015625
1088.6875
1088.6875
1088.6875
1088.6875
1088.6875
1088.6875
1088.6875
1088.6875
1088.6875
1088.6875
1088.6875
1088.6875
1088.6875
1088.6875
1088.6875
1088.6875
973.0625
961.9296875
961.9296875
950.9921875
939.6640625
939.6640625
928.3359375
917.203125
917.203125
906.4609375
895.5234375
895.5234375
884.78125
873.453125
873.453125
861.9296875
850.9921875
850.9921875
839.6640625
827.359375
827.359375
815.0546875
803.921875
803.921875
793.1796875
781.65625
781.65625
769.546875
759.0
759.0
748.453125
735.953125
735.953125
723.2578125
711.734375
711.734375
700.6015625
688.4921875
688.4921875
676.3828125
665.25
665.25
654.5078125
642.203125
642.203125
629.3125
617.984375
617.984375
607.828125
596.5
596.5
583.8046875
571.5
571.5
559.9765625
548.6484375
548.6484375
536.1484375
523.84375
523.84375
512.125
500.6015625
500.6015625
488.296875
476.3828125
476.3828125
464.859375
452.75
452.75
440.4453125
430.09375
430.09375
429.1171875
431.265625
431.265625
431.4609375
431.4609375
431.4609375
431.4609375
